// OpenAssetTools XMODEL_EXPORT File
// Game Origin: T6
// Zone Origin: code_post_gfx_mp
MODEL
VERSION 6

NUMBONES 75
BONE 0 -1 "tag_origin"
BONE 1 0 "j_mainroot"
BONE 2 0 "tag_aim"
BONE 3 0 "tag_sync"
BONE 4 1 "j_hip_le"
BONE 5 1 "j_hip_ri"
BONE 6 1 "j_spinelower"
BONE 7 4 "j_hiptwist_le"
BONE 8 5 "j_hiptwist_ri"
BONE 9 4 "j_knee_le"
BONE 10 5 "j_knee_ri"
BONE 11 6 "j_spineupper"
BONE 12 9 "j_ankle_le"
BONE 13 10 "j_ankle_ri"
BONE 14 9 "j_knee_bulge_le"
BONE 15 10 "j_knee_bulge_ri"
BONE 16 11 "j_spine4"
BONE 17 12 "j_ball_le"
BONE 18 13 "j_ball_ri"
BONE 19 16 "j_clavicle_le"
BONE 20 16 "j_clavicle_ri"
BONE 21 16 "j_neck"
BONE 22 16 "j_shoulderraise_le"
BONE 23 16 "j_shoulderraise_ri"
BONE 24 16 "tag_inhand"
BONE 25 16 "tag_stowed_back"
BONE 26 16 "tag_weapon_chest"
BONE 27 21 "j_head"
BONE 28 19 "j_shoulder_le"
BONE 29 20 "j_shoulder_ri"
BONE 30 28 "j_elbow_bulge_le"
BONE 31 29 "j_elbow_bulge_ri"
BONE 32 28 "j_elbow_le"
BONE 33 29 "j_elbow_ri"
BONE 34 27 "j_head_end"
BONE 35 28 "j_shouldertwist_le"
BONE 36 29 "j_shouldertwist_ri"
BONE 37 27 "tag_eye"
BONE 38 34 "j_helmet"
BONE 39 32 "j_wrist_le"
BONE 40 33 "j_wrist_ri"
BONE 41 32 "j_wristtwist_le"
BONE 42 33 "j_wristtwist_ri"
BONE 43 39 "j_index_le_1"
BONE 44 40 "j_index_ri_1"
BONE 45 39 "j_mid_le_1"
BONE 46 40 "j_mid_ri_1"
BONE 47 39 "j_pinky_le_1"
BONE 48 40 "j_pinky_ri_1"
BONE 49 39 "j_ring_le_1"
BONE 50 40 "j_ring_ri_1"
BONE 51 39 "j_thumb_le_1"
BONE 52 40 "j_thumb_ri_1"
BONE 53 39 "tag_weapon_left"
BONE 54 40 "tag_weapon_right"
BONE 55 43 "j_index_le_2"
BONE 56 44 "j_index_ri_2"
BONE 57 45 "j_mid_le_2"
BONE 58 46 "j_mid_ri_2"
BONE 59 47 "j_pinky_le_2"
BONE 60 48 "j_pinky_ri_2"
BONE 61 49 "j_ring_le_2"
BONE 62 50 "j_ring_ri_2"
BONE 63 51 "j_thumb_le_2"
BONE 64 52 "j_thumb_ri_2"
BONE 65 55 "j_index_le_3"
BONE 66 56 "j_index_ri_3"
BONE 67 57 "j_mid_le_3"
BONE 68 58 "j_mid_ri_3"
BONE 69 59 "j_pinky_le_3"
BONE 70 60 "j_pinky_ri_3"
BONE 71 61 "j_ring_le_3"
BONE 72 62 "j_ring_ri_3"
BONE 73 63 "j_thumb_le_3"
BONE 74 64 "j_thumb_ri_3"

BONE 0
OFFSET 0.000000, 0.000000, 0.000000
SCALE 1.000000, 1.000000, 1.000000
X 1.000000, 0.000000, 0.000000
Y 0.000000, 1.000000, 0.000000
Z 0.000000, 0.000000, 1.000000

BONE 1
OFFSET -3.440964, 0.000080, 37.227974
SCALE 1.000000, 1.000000, 1.000000
X -0.024873, 0.000031, 0.999693
Y 0.999693, -0.000032, 0.024871
Z 0.000031, 1.000002, -0.000032

BONE 2
OFFSET 0.000000, 0.000000, 55.000000
SCALE 1.000000, 1.000000, 1.000000
X 1.000000, 0.000000, 0.000000
Y 0.000000, 1.000000, 0.000000
Z 0.000000, 0.000000, 1.000000

BONE 3
OFFSET -0.002280, 0.000000, -0.000000
SCALE 1.000000, 1.000000, 1.000000
X 1.000000, 0.000000, 0.000000
Y 0.000000, 1.000000, 0.000000
Z 0.000000, 0.000000, 1.000000

BONE 4
OFFSET -3.440809, 4.865470, 37.227848
SCALE 1.000000, 1.000000, 1.000000
X -0.033821, -0.013986, -0.999332
Y 0.999419, -0.005084, -0.033751
Z -0.004607, -0.999891, 0.014148

BONE 5
OFFSET -3.441143, -4.865295, 37.228054
SCALE 1.000000, 1.000000, 1.000000
X 0.033836, -0.008655, 0.999392
Y -0.999361, -0.012010, 0.033733
Z 0.011709, -0.999892, -0.009058

BONE 6
OFFSET -3.371067, 0.000215, 42.432590
SCALE 1.000000, 1.000000, 1.000000
X -0.029943, 0.000031, 0.999560
Y 0.999560, -0.000038, 0.029935
Z 0.000031, 1.000008, -0.000039

BONE 7
OFFSET -3.547327, 4.821418, 34.080349
SCALE 1.000000, 1.000000, 1.000000
X -0.033821, -0.013986, -0.999332
Y 0.999419, -0.005084, -0.033751
Z -0.004607, -0.999891, 0.014148

BONE 8
OFFSET -3.547707, -4.838039, 34.080692
SCALE 1.000000, 1.000000, 1.000000
X 0.033836, -0.008655, 0.999392
Y -0.999361, -0.012010, 0.033733
Z 0.011709, -0.999892, -0.009058

BONE 9
OFFSET -4.033374, 4.620523, 19.727932
SCALE 1.000000, 1.000000, 1.000000
X -0.166897, -0.013183, -0.985913
Y 0.985990, -0.006925, -0.166795
Z -0.004607, -0.999912, 0.014128

BONE 10
OFFSET -4.034280, -4.713032, 19.727486
SCALE 1.000000, 1.000000, 1.000000
X 0.166919, -0.006975, 0.985968
Y -0.985923, -0.013083, 0.166846
Z 0.011709, -0.999917, -0.009082

BONE 11
OFFSET -3.353926, 0.000372, 47.652122
SCALE 1.000000, 1.000000, 1.000000
X 0.020329, 0.000029, 0.999823
Y 0.999823, -0.000062, -0.020359
Z 0.000031, 1.000031, -0.000061

BONE 12
OFFSET -6.563746, 4.420518, 4.778407
SCALE 1.000000, 1.000000, 1.000000
X 0.008802, -0.005035, -0.999952
Y 0.999828, 0.016580, 0.008721
Z 0.016539, -0.999853, 0.005177

BONE 13
OFFSET -6.565781, -4.606604, 4.777041
SCALE 1.000000, 1.000000, 1.000000
X -0.008862, -0.000064, 0.999973
Y -0.999929, 0.009430, -0.008849
Z -0.009442, -0.999968, -0.000160

BONE 14
OFFSET -2.158877, 4.612077, 19.741434
SCALE 1.000000, 1.000000, 1.000000
X -0.029912, 0.006785, 0.999552
Y 0.999576, 0.000267, 0.029888
Z -0.000086, 0.999999, -0.006813

BONE 15
OFFSET -2.155859, -4.679383, 19.765671
SCALE 1.000000, 1.000000, 1.000000
X 0.029875, 0.003910, -0.999572
Y -0.999555, -0.006790, -0.029927
Z -0.006878, 0.999996, 0.003679

BONE 16
OFFSET -3.290553, 0.000476, 51.758373
SCALE 1.000000, 1.000000, 1.000000
X 0.046993, 0.000029, 0.998919
Y 0.998919, -0.000058, -0.047018
Z 0.000031, 1.000025, -0.000055

BONE 17
OFFSET -0.984614, 4.560160, 0.332046
SCALE 1.000000, 1.000000, 1.000000
X 0.983104, 0.017206, 0.182238
Y -0.182300, 0.002083, 0.983236
Z 0.016539, -0.999846, 0.005184

BONE 18
OFFSET -0.985493, -4.728944, 0.331608
SCALE 1.000000, 1.000000, 1.000000
X -0.983197, 0.009263, -0.182367
Y 0.182360, -0.001621, -0.983235
Z -0.009403, -0.999961, -0.000105

BONE 19
OFFSET -3.238585, 1.357128, 56.400269
SCALE 1.000000, 1.000000, 1.000000
X 0.019541, 0.997206, 0.072435
Y -0.999683, 0.018228, 0.018756
Z 0.017381, -0.072777, 0.997197

BONE 20
OFFSET -3.238699, -1.356200, 56.400448
SCALE 1.000000, 1.000000, 1.000000
X -0.019396, 0.997206, -0.072412
Y 0.999678, 0.018035, -0.018881
Z -0.017520, -0.072753, -0.997234

BONE 21
OFFSET -2.727278, 0.000676, 60.542103
SCALE 1.000000, 1.000000, 1.000000
X 0.309657, 0.000019, 0.950884
Y 0.950884, -0.000087, -0.309706
Z 0.000031, 1.000049, -0.000079

BONE 22
OFFSET -3.144014, 4.025920, 58.859493
SCALE 1.000000, 1.000000, 1.000000
X -0.019458, -0.997209, -0.072352
Y 0.999677, -0.018136, -0.018880
Z 0.017516, -0.072694, 0.997201

BONE 23
OFFSET -3.144257, -4.024529, 58.859909
SCALE 1.000000, 1.000000, 1.000000
X 0.019557, -0.997208, 0.072408
Y -0.999685, -0.018306, 0.018587
Z -0.017211, -0.072747, -0.997253

BONE 24
OFFSET 10.490043, -28.520483, 38.936657
SCALE 1.000000, 1.000000, 1.000000
X -0.000014, 1.000045, -0.000030
Y 0.764344, -0.000088, -0.644878
Z -0.644878, -0.000003, -0.764390

BONE 25
OFFSET -10.511140, -3.446124, 51.019028
SCALE 1.000000, 1.000000, 1.000000
X -0.038110, -0.082638, -0.995877
Y 0.982875, 0.176827, -0.052263
Z 0.180438, -0.980788, 0.074460

BONE 26
OFFSET 10.490043, -28.520483, 38.936657
SCALE 1.000000, 1.000000, 1.000000
X 1.000000, -0.000031, 0.000091
Y 0.000031, 1.000000, -0.000030
Z -0.000091, 0.000030, 1.000000

BONE 27
OFFSET -1.916667, 0.000725, 63.521023
SCALE 1.000000, 1.000000, 1.000000
X 0.216308, 0.000023, 0.976382
Y 0.976382, -0.000107, -0.216378
Z 0.000031, 1.000070, -0.000100

BONE 28
OFFSET -3.113611, 7.725961, 56.863007
SCALE 1.000000, 1.000000, 1.000000
X 0.260958, 0.662921, -0.701736
Y -0.956816, 0.274055, -0.096919
Z 0.128063, 0.696725, 0.705813

BONE 29
OFFSET -3.114936, -7.724995, 56.862946
SCALE 1.000000, 1.000000, 1.000000
X -0.260726, 0.662955, 0.701778
Y 0.956877, 0.273867, 0.096804
Z -0.128013, 0.696761, -0.705768

BONE 30
OFFSET -0.586528, 15.846196, 48.642761
SCALE 1.000000, 1.000000, 1.000000
X 0.846184, 0.294428, -0.444174
Y -0.517279, 0.654124, -0.551867
Z 0.128066, 0.696740, 0.705807

BONE 31
OFFSET -0.590428, -15.845572, 48.642246
SCALE 1.000000, 1.000000, 1.000000
X -0.846097, 0.294585, 0.444284
Y 0.517475, 0.654012, 0.551812
Z -0.128016, 0.696776, -0.705805

BONE 32
OFFSET -0.413222, 15.742168, 48.713261
SCALE 1.000000, 1.000000, 1.000000
X 0.845988, 0.294674, -0.444378
Y -0.517594, 0.654018, -0.551684
Z 0.128063, 0.696725, 0.705813

BONE 33
OFFSET -0.417189, -15.741741, 48.712929
SCALE 1.000000, 1.000000, 1.000000
X -0.845858, 0.294831, 0.444487
Y 0.517790, 0.653906, 0.551629
Z -0.128013, 0.696761, -0.705768

BONE 34
OFFSET -0.824302, 0.000342, 69.807976
SCALE 1.000000, 1.000000, 1.000000
X 0.216308, 0.000023, 0.976382
Y 0.976382, -0.000107, -0.216378
Z 0.000031, 1.000070, -0.000100

BONE 35
OFFSET -2.992879, 8.032662, 56.538345
SCALE 1.000000, 1.000000, 1.000000
X 0.260958, 0.662921, -0.701736
Y -0.956816, 0.274055, -0.096919
Z 0.128063, 0.696725, 0.705813

BONE 36
OFFSET -3.006354, -8.001080, 56.570694
SCALE 1.000000, 1.000000, 1.000000
X -0.260726, 0.662955, 0.701778
Y 0.956877, 0.273867, 0.096804
Z -0.128013, 0.696761, -0.705768

BONE 37
OFFSET 2.110415, 0.000683, 66.322891
SCALE 1.000000, 1.000000, 1.000000
X 0.939644, -0.000019, 0.342170
Y 0.000031, 1.000000, -0.000030
Z -0.342170, 0.000039, 0.939644

BONE 38
OFFSET -1.861805, 0.000420, 71.243248
SCALE 1.000000, 1.000000, 1.000000
X 0.999046, -0.000003, 0.043675
Y 0.000003, 1.000000, 0.000003
Z -0.043675, -0.000003, 0.999046

BONE 39
OFFSET 8.201635, 18.583818, 44.091343
SCALE 1.000000, 1.000000, 1.000000
X 0.782210, 0.298855, -0.546650
Y -0.115686, -0.792470, -0.598789
Z -0.612174, 0.531618, -0.585298

BONE 40
OFFSET 8.196268, -18.585188, 44.089989
SCALE 1.000000, 1.000000, 1.000000
X -0.782039, 0.298997, 0.546751
Y 0.115603, -0.792495, 0.598755
Z 0.612349, 0.531481, 0.585268

BONE 41
OFFSET 5.679953, 17.752157, 45.443619
SCALE 1.000000, 1.000000, 1.000000
X 0.845988, 0.294674, -0.444378
Y -0.517594, 0.654018, -0.551684
Z 0.128063, 0.696725, 0.705813

BONE 42
OFFSET 5.675192, -17.753122, 45.442680
SCALE 1.000000, 1.000000, 1.000000
X -0.845858, 0.294831, 0.444487
Y 0.517790, 0.653906, 0.551629
Z -0.128013, 0.696761, -0.705768

BONE 43
OFFSET 11.901337, 18.941057, 43.298363
SCALE 1.000000, 1.000000, 1.000000
X 0.921976, 0.252364, -0.293710
Y -0.052478, -0.669981, -0.740428
Z -0.383666, 0.698068, -0.604457

BONE 44
OFFSET 11.895830, -18.943106, 43.296562
SCALE 1.000000, 1.000000, 1.000000
X -0.921818, 0.252680, 0.293703
Y 0.052250, -0.669992, 0.740443
Z 0.383899, 0.697953, 0.604527

BONE 45
OFFSET 11.390925, 19.639547, 42.704075
SCALE 1.000000, 1.000000, 1.000000
X 0.793890, 0.066681, -0.604391
Y -0.285109, -0.837094, -0.466852
Z -0.537073, 0.542947, -0.645546

BONE 46
OFFSET 11.385142, -19.641516, 42.702248
SCALE 1.000000, 1.000000, 1.000000
X -0.793739, 0.066909, 0.604493
Y 0.284946, -0.837130, 0.466826
Z 0.537303, 0.542811, 0.645480

BONE 47
OFFSET 9.942848, 20.407948, 41.482269
SCALE 1.000000, 1.000000, 1.000000
X 0.722188, -0.099406, -0.684518
Y -0.421441, -0.847962, -0.321495
Z -0.548483, 0.520663, -0.654284

BONE 48
OFFSET 9.936802, -20.409670, 41.480621
SCALE 1.000000, 1.000000, 1.000000
X -0.722118, -0.099276, 0.684602
Y 0.421310, -0.848042, 0.321423
Z 0.548665, 0.520538, 0.654221

BONE 49
OFFSET 10.659265, 20.111998, 42.063904
SCALE 1.000000, 1.000000, 1.000000
X 0.739025, -0.006144, -0.673649
Y -0.325293, -0.878908, -0.348844
Z -0.589936, 0.476938, -0.651532

BONE 50
OFFSET 10.653339, -20.113800, 42.062294
SCALE 1.000000, 1.000000, 1.000000
X -0.738925, -0.006011, 0.673737
Y 0.325160, -0.878969, 0.348783
Z 0.590109, 0.476805, 0.651476

BONE 51
OFFSET 9.324274, 18.470955, 44.179440
SCALE 1.000000, 1.000000, 1.000000
X 0.594222, -0.766420, -0.243924
Y 0.360971, 0.525145, -0.770662
Z 0.718747, 0.369893, 0.588709

BONE 52
OFFSET 9.318940, -18.472500, 44.178013
SCALE 1.000000, 1.000000, 1.000000
X -0.594327, -0.766302, 0.243981
Y -0.360768, 0.525203, 0.770714
Z -0.718744, 0.370046, -0.588595

BONE 53
OFFSET 10.494478, -28.522150, 38.934170
SCALE 1.000000, 1.000000, 1.000000
X 1.000000, -0.000029, -0.000041
Y 0.000029, 1.000000, 0.000153
Z 0.000041, -0.000153, 1.000000

BONE 54
OFFSET 10.486207, -28.519653, 38.935387
SCALE 1.000000, 1.000000, 1.000000
X 1.000000, -0.000125, -0.000178
Y 0.000116, 0.998878, -0.047354
Z 0.000184, 0.047354, 0.998878

BONE 55
OFFSET 13.330781, 19.332394, 42.842983
SCALE 1.000000, 1.000000, 1.000000
X 0.603883, -0.305591, -0.736148
Y -0.698640, -0.647458, -0.304298
Z -0.383670, 0.698075, -0.604474

BONE 56
OFFSET 13.325172, -19.334850, 42.841072
SCALE 1.000000, 1.000000, 1.000000
X -0.603529, -0.305868, 0.736310
Y 0.698870, -0.647442, 0.303897
Z 0.383782, 0.698010, 0.604552

BONE 57
OFFSET 12.863913, 19.763275, 41.582745
SCALE 1.000000, 1.000000, 1.000000
X 0.051913, -0.742573, -0.667709
Y -0.841911, -0.392078, 0.370649
Z -0.537063, 0.542937, -0.645514

BONE 58
OFFSET 12.857959, -19.765583, 41.580421
SCALE 1.000000, 1.000000, 1.000000
X -0.051943, -0.742530, 0.667726
Y 0.841740, -0.392292, -0.370753
Z 0.537292, 0.542801, 0.645486

BONE 59
OFFSET 10.808547, 20.288746, 40.661823
SCALE 1.000000, 1.000000, 1.000000
X 0.103401, -0.734234, -0.670960
Y -0.829737, -0.435643, 0.348883
Z -0.548475, 0.520655, -0.654259

BONE 60
OFFSET 10.802429, -20.290625, 40.660080
SCALE 1.000000, 1.000000, 1.000000
X -0.103532, -0.734208, 0.671001
Y 0.829616, -0.435892, -0.348948
Z 0.548672, 0.520544, 0.654217

BONE 61
OFFSET 11.902423, 20.101683, 40.930832
SCALE 1.000000, 1.000000, 1.000000
X 0.112289, -0.750607, -0.651127
Y -0.799597, -0.457273, 0.389261
Z -0.589934, 0.476936, -0.651525

BONE 62
OFFSET 11.896356, -20.103666, 40.928726
SCALE 1.000000, 1.000000, 1.000000
X -0.112325, -0.750641, 0.651121
Y 0.799483, -0.457419, -0.389415
Z 0.590125, 0.476817, 0.651467

BONE 63
OFFSET 10.753864, 16.627039, 43.592590
SCALE 1.000000, 1.000000, 1.000000
X 0.686174, -0.513901, -0.514848
Y 0.112098, 0.774004, -0.623177
Z 0.718746, 0.369893, 0.588710

BONE 64
OFFSET 10.748798, -16.628868, 43.590683
SCALE 1.000000, 1.000000, 1.000000
X -0.686192, -0.513772, 0.514920
Y -0.111866, 0.774015, 0.623203
Z -0.718743, 0.370045, -0.588593

BONE 65
OFFSET 13.917726, 19.035332, 42.127556
SCALE 1.000000, 1.000000, 1.000000
X 0.245205, -0.554108, -0.795494
Y -0.890303, -0.453418, 0.041438
Z -0.383674, 0.698084, -0.604493

BONE 66
OFFSET 13.911761, -19.037571, 42.125603
SCALE 1.000000, 1.000000, 1.000000
X -0.245527, -0.553859, 0.795568
Y 0.890146, -0.453776, -0.041190
Z 0.383836, 0.698066, 0.604455

BONE 67
OFFSET 12.921117, 18.945280, 40.847221
SCALE 1.000000, 1.000000, 1.000000
X -0.280311, -0.836682, -0.470476
Y -0.795576, -0.071699, 0.601568
Z -0.537070, 0.542944, -0.645536

BONE 68
OFFSET 12.915290, -18.947618, 40.845013
SCALE 1.000000, 1.000000, 1.000000
X 0.280196, -0.836732, 0.470451
Y 0.795459, -0.071911, -0.601670
Z 0.537299, 0.542808, 0.645482

BONE 69
OFFSET 10.879933, 19.781673, 40.198528
SCALE 1.000000, 1.000000, 1.000000
X -0.339190, -0.853717, -0.394999
Y -0.764229, 0.005333, 0.644869
Z -0.548462, 0.520643, -0.654221

BONE 70
OFFSET 10.873884, -19.783617, 40.196682
SCALE 1.000000, 1.000000, 1.000000
X 0.339096, -0.853825, 0.394969
Y 0.764187, 0.005136, -0.644980
Z 0.548668, 0.520541, 0.654219

BONE 71
OFFSET 12.008307, 19.393885, 40.316936
SCALE 1.000000, 1.000000, 1.000000
X -0.166944, -0.861520, -0.479492
Y -0.790001, -0.174100, 0.587866
Z -0.589938, 0.476940, -0.651537

BONE 72
OFFSET 12.002234, -19.395855, 40.314999
SCALE 1.000000, 1.000000, 1.000000
X 0.166855, -0.861593, 0.479433
Y 0.789903, -0.174227, -0.588009
Z 0.590129, 0.476821, 0.651465

BONE 73
OFFSET 11.573511, 16.013153, 42.977627
SCALE 1.000000, 1.000000, 1.000000
X 0.676787, -0.178343, -0.714261
Y -0.159209, 0.911795, -0.378533
Z 0.718768, 0.369904, 0.588697

BONE 74
OFFSET 11.568491, -16.015114, 42.975613
SCALE 1.000000, 1.000000, 1.000000
X -0.676774, -0.178222, 0.714338
Y 0.159437, 0.911756, 0.378530
Z -0.718764, 0.370057, -0.588641

NUMVERTS 160
VERT 0
OFFSET -9.821280, 8.237569, 33.168736
BONES 1
BONE 1 1.000000

VERT 1
OFFSET 3.133990, 8.237568, 33.490715
BONES 1
BONE 1 1.000000

VERT 2
OFFSET -9.977962, 8.237574, 39.473225
BONES 1
BONE 1 1.000000

VERT 3
OFFSET 2.977307, 8.237574, 39.795197
BONES 1
BONE 1 1.000000

VERT 4
OFFSET 3.133990, -8.237581, 33.490726
BONES 1
BONE 1 1.000000

VERT 5
OFFSET 2.977306, -8.237577, 39.795208
BONES 1
BONE 1 1.000000

VERT 6
OFFSET -9.821280, -8.237581, 33.168747
BONES 1
BONE 1 1.000000

VERT 7
OFFSET -9.977963, -8.237577, 39.473240
BONES 1
BONE 1 1.000000

VERT 8
OFFSET -7.809813, 1.109623, 35.705212
BONES 1
BONE 4 1.000000

VERT 9
OFFSET 0.779534, 1.067785, 35.415684
BONES 1
BONE 4 1.000000

VERT 10
OFFSET -8.395974, 0.954250, 18.338242
BONES 1
BONE 4 1.000000

VERT 11
OFFSET 0.193372, 0.912413, 18.048708
BONES 1
BONE 4 1.000000

VERT 12
OFFSET 0.813880, 8.593194, 35.347198
BONES 1
BONE 4 1.000000

VERT 13
OFFSET 0.227718, 8.437820, 17.980227
BONES 1
BONE 4 1.000000

VERT 14
OFFSET -7.775465, 8.635031, 35.636719
BONES 1
BONE 4 1.000000

VERT 15
OFFSET -8.361627, 8.479657, 18.269760
BONES 1
BONE 4 1.000000

VERT 16
OFFSET 0.228168, -8.437964, 17.993507
BONES 1
BONE 5 1.000000

VERT 17
OFFSET -8.361178, -8.479802, 18.283037
BONES 1
BONE 5 1.000000

VERT 18
OFFSET 0.814330, -8.593337, 35.360470
BONES 1
BONE 5 1.000000

VERT 19
OFFSET -7.775015, -8.635176, 35.649998
BONES 1
BONE 5 1.000000

VERT 20
OFFSET -8.395524, -0.954394, 18.351522
BONES 1
BONE 5 1.000000

VERT 21
OFFSET -7.809363, -1.109767, 35.718494
BONES 1
BONE 5 1.000000

VERT 22
OFFSET 0.193821, -0.912557, 18.061995
BONES 1
BONE 5 1.000000

VERT 23
OFFSET 0.779984, -1.067930, 35.428963
BONES 1
BONE 5 1.000000

VERT 24
OFFSET -8.689367, 7.744179, 36.777210
BONES 1
BONE 6 1.000000

VERT 25
OFFSET 2.018960, 7.744181, 36.558712
BONES 1
BONE 6 1.000000

VERT 26
OFFSET -8.476963, 7.744180, 47.187286
BONES 1
BONE 6 1.000000

VERT 27
OFFSET 2.231363, 7.744179, 46.968807
BONES 1
BONE 6 1.000000

VERT 28
OFFSET 2.018960, -7.744179, 36.558712
BONES 1
BONE 6 1.000000

VERT 29
OFFSET 2.231363, -7.744181, 46.968807
BONES 1
BONE 6 1.000000

VERT 30
OFFSET -8.689367, -7.744181, 36.777214
BONES 1
BONE 6 1.000000

VERT 31
OFFSET -8.476967, -7.744181, 47.187286
BONES 1
BONE 6 1.000000

VERT 32
OFFSET -7.375329, 1.751865, 22.124186
BONES 1
BONE 9 1.000000

VERT 33
OFFSET -0.119215, 1.707560, 20.894920
BONES 1
BONE 9 1.000000

VERT 34
OFFSET -10.369134, 1.604749, 4.457633
BONES 1
BONE 9 1.000000

VERT 35
OFFSET -3.113018, 1.560436, 3.228368
BONES 1
BONE 9 1.000000

VERT 36
OFFSET -0.091876, 7.697485, 20.840408
BONES 1
BONE 9 1.000000

VERT 37
OFFSET -3.085680, 7.550370, 3.173855
BONES 1
BONE 9 1.000000

VERT 38
OFFSET -7.347990, 7.741789, 22.069670
BONES 1
BONE 9 1.000000

VERT 39
OFFSET -10.341795, 7.594674, 4.403120
BONES 1
BONE 9 1.000000

VERT 40
OFFSET -3.081977, -7.550533, 3.195709
BONES 1
BONE 10 1.000000

VERT 41
OFFSET -10.338093, -7.594828, 4.424973
BONES 1
BONE 10 1.000000

VERT 42
OFFSET -0.088174, -7.697639, 20.862263
BONES 1
BONE 10 1.000000

VERT 43
OFFSET -7.344287, -7.741943, 22.091526
BONES 1
BONE 10 1.000000

VERT 44
OFFSET -10.365432, -1.604950, 4.479486
BONES 1
BONE 10 1.000000

VERT 45
OFFSET -7.371626, -1.752065, 22.146038
BONES 1
BONE 10 1.000000

VERT 46
OFFSET -3.109315, -1.560645, 3.250222
BONES 1
BONE 10 1.000000

VERT 47
OFFSET -0.115511, -1.707760, 20.916779
BONES 1
BONE 10 1.000000

VERT 48
OFFSET -8.751318, 6.893794, 46.479259
BONES 1
BONE 11 1.000000

VERT 49
OFFSET 1.472010, 6.893793, 46.050049
BONES 1
BONE 11 1.000000

VERT 50
OFFSET -8.487921, 6.893794, 52.753040
BONES 1
BONE 11 1.000000

VERT 51
OFFSET 1.735406, 6.893792, 52.323830
BONES 1
BONE 11 1.000000

VERT 52
OFFSET 1.472008, -6.893797, 46.050049
BONES 1
BONE 11 1.000000

VERT 53
OFFSET 1.735405, -6.893797, 52.323830
BONES 1
BONE 11 1.000000

VERT 54
OFFSET -8.751317, -6.893796, 46.479259
BONES 1
BONE 11 1.000000

VERT 55
OFFSET -8.487922, -6.893796, 52.753040
BONES 1
BONE 11 1.000000

VERT 56
OFFSET -9.779854, 2.332470, 4.951263
BONES 1
BONE 12 1.000000

VERT 57
OFFSET 3.023122, 2.544627, 5.063011
BONES 1
BONE 12 1.000000

VERT 58
OFFSET -9.737053, 2.332470, 0.047629
BONES 1
BONE 12 1.000000

VERT 59
OFFSET 3.065922, 2.544627, 0.159378
BONES 1
BONE 12 1.000000

VERT 60
OFFSET 2.950241, 6.943077, 5.062375
BONES 1
BONE 12 1.000000

VERT 61
OFFSET 2.993042, 6.943077, 0.158742
BONES 1
BONE 12 1.000000

VERT 62
OFFSET -9.852734, 6.730919, 4.950627
BONES 1
BONE 12 1.000000

VERT 63
OFFSET -9.809934, 6.730919, 0.046993
BONES 1
BONE 12 1.000000

VERT 64
OFFSET 2.973810, -6.926140, 0.160028
BONES 1
BONE 13 1.000000

VERT 65
OFFSET -9.757291, -6.715172, 0.048907
BONES 1
BONE 13 1.000000

VERT 66
OFFSET 2.931009, -6.926140, 5.063664
BONES 1
BONE 13 1.000000

VERT 67
OFFSET -9.800092, -6.715172, 4.952541
BONES 1
BONE 13 1.000000

VERT 68
OFFSET -9.684410, -2.316724, 0.049543
BONES 1
BONE 13 1.000000

VERT 69
OFFSET -9.727211, -2.316723, 4.953177
BONES 1
BONE 13 1.000000

VERT 70
OFFSET 3.046691, -2.527689, 0.160665
BONES 1
BONE 13 1.000000

VERT 71
OFFSET 3.003890, -2.527689, 5.064298
BONES 1
BONE 13 1.000000

VERT 72
OFFSET 0.718756, -0.786902, 58.900055
BONES 1
BONE 19 1.000000

VERT 73
OFFSET -7.171953, -0.644217, 59.049309
BONES 1
BONE 19 1.000000

VERT 74
OFFSET 0.883018, 7.655263, 59.513496
BONES 1
BONE 19 1.000000

VERT 75
OFFSET -7.007693, 7.797949, 59.662743
BONES 1
BONE 19 1.000000

VERT 76
OFFSET -7.307980, -0.079844, 51.318825
BONES 1
BONE 19 1.000000

VERT 77
OFFSET -7.143719, 8.362322, 51.932266
BONES 1
BONE 19 1.000000

VERT 78
OFFSET 0.582730, -0.222529, 51.169563
BONES 1
BONE 19 1.000000

VERT 79
OFFSET 0.746991, 8.219638, 51.783001
BONES 1
BONE 19 1.000000

VERT 80
OFFSET 0.585489, 0.005773, 51.108570
BONES 1
BONE 20 1.000000

VERT 81
OFFSET -7.305220, -0.136919, 51.257839
BONES 1
BONE 20 1.000000

VERT 82
OFFSET 0.749750, -8.436419, 51.721642
BONES 1
BONE 20 1.000000

VERT 83
OFFSET -7.140959, -8.579111, 51.870911
BONES 1
BONE 20 1.000000

VERT 84
OFFSET -7.169187, 0.427119, 58.988358
BONES 1
BONE 20 1.000000

VERT 85
OFFSET -7.004925, -8.015074, 59.601429
BONES 1
BONE 20 1.000000

VERT 86
OFFSET 0.721522, 0.569810, 58.839085
BONES 1
BONE 20 1.000000

VERT 87
OFFSET 0.885783, -7.872383, 59.452160
BONES 1
BONE 20 1.000000

VERT 88
OFFSET -6.622082, 2.651705, 59.609997
BONES 1
BONE 21 1.000000

VERT 89
OFFSET -0.852321, 2.651699, 57.730225
BONES 1
BONE 21 1.000000

VERT 90
OFFSET -5.297750, 2.651705, 63.674900
BONES 1
BONE 21 1.000000

VERT 91
OFFSET 0.472014, 2.651699, 61.795105
BONES 1
BONE 21 1.000000

VERT 92
OFFSET -0.852325, -2.651713, 57.730217
BONES 1
BONE 21 1.000000

VERT 93
OFFSET 0.472010, -2.651713, 61.795116
BONES 1
BONE 21 1.000000

VERT 94
OFFSET -6.622089, -2.651707, 59.610012
BONES 1
BONE 21 1.000000

VERT 95
OFFSET -5.297754, -2.651707, 63.674892
BONES 1
BONE 21 1.000000

VERT 96
OFFSET -6.759773, 3.509613, 63.571671
BONES 1
BONE 27 1.000000

VERT 97
OFFSET 1.806282, 3.509604, 61.672657
BONES 1
BONE 27 1.000000

VERT 98
OFFSET -4.860758, 3.509613, 72.137733
BONES 1
BONE 27 1.000000

VERT 99
OFFSET 3.705295, 3.509604, 70.238716
BONES 1
BONE 27 1.000000

VERT 100
OFFSET 1.806275, -3.509617, 61.672672
BONES 1
BONE 27 1.000000

VERT 101
OFFSET 3.705290, -3.509617, 70.238716
BONES 1
BONE 27 1.000000

VERT 102
OFFSET -6.759779, -3.509608, 63.571690
BONES 1
BONE 27 1.000000

VERT 103
OFFSET -4.860764, -3.509608, 72.137726
BONES 1
BONE 27 1.000000

VERT 104
OFFSET -0.507854, 8.576877, 59.052937
BONES 1
BONE 28 1.000000

VERT 105
OFFSET -5.239861, 9.930784, 58.574936
BONES 1
BONE 28 1.000000

VERT 106
OFFSET 2.577245, 16.426172, 50.744392
BONES 1
BONE 28 1.000000

VERT 107
OFFSET -2.154758, 17.780079, 50.266384
BONES 1
BONE 28 1.000000

VERT 108
OFFSET -5.873111, 6.485319, 55.084797
BONES 1
BONE 28 1.000000

VERT 109
OFFSET -2.788008, 14.334612, 46.776237
BONES 1
BONE 28 1.000000

VERT 110
OFFSET -1.141106, 5.131412, 55.562798
BONES 1
BONE 28 1.000000

VERT 111
OFFSET 1.943996, 12.980704, 47.254242
BONES 1
BONE 28 1.000000

VERT 112
OFFSET -2.619758, -14.762703, 46.323040
BONES 1
BONE 29 1.000000

VERT 113
OFFSET 2.112244, -13.408795, 46.801041
BONES 1
BONE 29 1.000000

VERT 114
OFFSET -5.952974, -6.282146, 55.299797
BONES 1
BONE 29 1.000000

VERT 115
OFFSET -1.220971, -4.928240, 55.777802
BONES 1
BONE 29 1.000000

VERT 116
OFFSET 2.745495, -16.854263, 50.291199
BONES 1
BONE 29 1.000000

VERT 117
OFFSET -0.587721, -8.373705, 59.267937
BONES 1
BONE 29 1.000000

VERT 118
OFFSET -1.986509, -18.208170, 49.813187
BONES 1
BONE 29 1.000000

VERT 119
OFFSET -5.319726, -9.727612, 58.789944
BONES 1
BONE 29 1.000000

VERT 120
OFFSET 1.986055, 16.001225, 51.048157
BONES 1
BONE 32 1.000000

VERT 121
OFFSET -0.410382, 19.029436, 48.493523
BONES 1
BONE 32 1.000000

VERT 122
OFFSET 9.756165, 18.707294, 46.966938
BONES 1
BONE 32 1.000000

VERT 123
OFFSET 7.359727, 21.735508, 44.412304
BONES 1
BONE 32 1.000000

VERT 124
OFFSET -1.003319, 15.803306, 45.225548
BONES 1
BONE 32 1.000000

VERT 125
OFFSET 6.766791, 18.509375, 41.144333
BONES 1
BONE 32 1.000000

VERT 126
OFFSET 1.393118, 12.775092, 47.780178
BONES 1
BONE 32 1.000000

VERT 127
OFFSET 9.163227, 15.481161, 43.698959
BONES 1
BONE 32 1.000000

VERT 128
OFFSET 6.881160, -18.549225, 41.084232
BONES 1
BONE 33 1.000000

VERT 129
OFFSET 9.277596, -15.521009, 43.638866
BONES 1
BONE 33 1.000000

VERT 130
OFFSET -0.888950, -15.843155, 45.165459
BONES 1
BONE 33 1.000000

VERT 131
OFFSET 1.507488, -12.814940, 47.720085
BONES 1
BONE 33 1.000000

VERT 132
OFFSET 9.870535, -18.747139, 46.906837
BONES 1
BONE 33 1.000000

VERT 133
OFFSET 2.100424, -16.041069, 50.988052
BONES 1
BONE 33 1.000000

VERT 134
OFFSET 7.474097, -21.775352, 44.352203
BONES 1
BONE 33 1.000000

VERT 135
OFFSET -0.296013, -19.069286, 48.433430
BONES 1
BONE 33 1.000000

VERT 136
OFFSET 4.494656, -4.387535, 72.069489
BONES 1
BONE 38 1.000000

VERT 137
OFFSET -7.337831, -4.387546, 71.552834
BONES 1
BONE 38 1.000000

VERT 138
OFFSET -7.337837, 4.386480, 71.552803
BONES 1
BONE 38 1.000000

VERT 139
OFFSET 4.494650, 4.386490, 72.069466
BONES 1
BONE 38 1.000000

VERT 140
OFFSET -7.097404, 4.386462, 66.046684
BONES 1
BONE 38 1.000000

VERT 141
OFFSET 4.735068, 4.386475, 66.563347
BONES 1
BONE 38 1.000000

VERT 142
OFFSET -7.097398, -4.387564, 66.046707
BONES 1
BONE 38 1.000000

VERT 143
OFFSET 4.735073, -4.387550, 66.563362
BONES 1
BONE 38 1.000000

VERT 144
OFFSET 9.312946, 17.765602, 46.266434
BONES 1
BONE 39 1.000000

VERT 145
OFFSET 6.916508, 20.793812, 43.711803
BONES 1
BONE 39 1.000000

VERT 146
OFFSET 14.114027, 19.437658, 43.744690
BONES 1
BONE 39 1.000000

VERT 147
OFFSET 11.717592, 22.465870, 41.190056
BONES 1
BONE 39 1.000000

VERT 148
OFFSET 6.632776, 19.250040, 42.148010
BONES 1
BONE 39 1.000000

VERT 149
OFFSET 11.433858, 20.922098, 39.626263
BONES 1
BONE 39 1.000000

VERT 150
OFFSET 9.029214, 16.221830, 44.702644
BONES 1
BONE 39 1.000000

VERT 151
OFFSET 13.830294, 17.893887, 42.180897
BONES 1
BONE 39 1.000000

VERT 152
OFFSET 11.666877, -21.003263, 39.503845
BONES 1
BONE 40 1.000000

VERT 153
OFFSET 14.063314, -17.975050, 42.058475
BONES 1
BONE 40 1.000000

VERT 154
OFFSET 6.865797, -19.331205, 42.025597
BONES 1
BONE 40 1.000000

VERT 155
OFFSET 9.262234, -16.302994, 44.580223
BONES 1
BONE 40 1.000000

VERT 156
OFFSET 14.347046, -19.518822, 43.622265
BONES 1
BONE 40 1.000000

VERT 157
OFFSET 9.545966, -17.846764, 46.144016
BONES 1
BONE 40 1.000000

VERT 158
OFFSET 11.950610, -22.547031, 41.067635
BONES 1
BONE 40 1.000000

VERT 159
OFFSET 7.149528, -20.874977, 43.589390
BONES 1
BONE 40 1.000000

NUMFACES 240
TRI 0 0 0 0
VERT 0
NORMAL 0.000000 1.000000 0.000000
COLOR 1.000000 1.000000 1.000000 1.000000
UV 1 0.000000 0.000000
VERT 1
NORMAL 0.000000 1.000000 0.000000
COLOR 1.000000 1.000000 1.000000 1.000000
UV 1 0.000000 -1.000000
VERT 2
NORMAL 0.000000 1.000000 0.000000
COLOR 1.000000 1.000000 1.000000 1.000000
UV 1 1.000000 0.000000

TRI 0 0 0 0
VERT 1
NORMAL 0.000000 1.000000 0.000000
COLOR 1.000000 1.000000 1.000000 1.000000
UV 1 0.000000 -1.000000
VERT 3
NORMAL 0.000000 1.000000 0.000000
COLOR 1.000000 1.000000 1.000000 1.000000
UV 1 1.000000 -1.000000
VERT 2
NORMAL 0.000000 1.000000 0.000000
COLOR 1.000000 1.000000 1.000000 1.000000
UV 1 1.000000 0.000000

TRI 0 0 0 0
VERT 1
NORMAL 1.000000 0.000000 0.025440
COLOR 1.000000 1.000000 1.000000 1.000000
UV 1 0.000000 -1.000000
VERT 4
NORMAL 1.000000 0.000000 0.025440
COLOR 1.000000 1.000000 1.000000 1.000000
UV 1 0.000000 -2.000000
VERT 3
NORMAL 1.000000 0.000000 0.025440
COLOR 1.000000 1.000000 1.000000 1.000000
UV 1 1.000000 -1.000000

TRI 0 0 0 0
VERT 4
NORMAL 1.000000 0.000000 0.025440
COLOR 1.000000 1.000000 1.000000 1.000000
UV 1 0.000000 -2.000000
VERT 5
NORMAL 1.000000 0.000000 0.025440
COLOR 1.000000 1.000000 1.000000 1.000000
UV 1 1.000000 -2.000000
VERT 3
NORMAL 1.000000 0.000000 0.025440
COLOR 1.000000 1.000000 1.000000 1.000000
UV 1 1.000000 -1.000000

TRI 0 0 0 0
VERT 4
NORMAL 0.000000 -1.000000 0.000000
COLOR 1.000000 1.000000 1.000000 1.000000
UV 1 0.000000 -2.000000
VERT 6
NORMAL 0.000000 -1.000000 0.000000
COLOR 1.000000 1.000000 1.000000 1.000000
UV 1 0.000000 -3.000000
VERT 5
NORMAL 0.000000 -1.000000 0.000000
COLOR 1.000000 1.000000 1.000000 1.000000
UV 1 1.000000 -2.000000

TRI 0 0 0 0
VERT 6
NORMAL 0.000000 -1.000000 0.000000
COLOR 1.000000 1.000000 1.000000 1.000000
UV 1 0.000000 -3.000000
VERT 7
NORMAL 0.000000 -1.000000 0.000000
COLOR 1.000000 1.000000 1.000000 1.000000
UV 1 1.000000 -3.000000
VERT 5
NORMAL 0.000000 -1.000000 0.000000
COLOR 1.000000 1.000000 1.000000 1.000000
UV 1 1.000000 -2.000000

TRI 0 0 0 0
VERT 6
NORMAL -1.000000 0.000000 -0.025440
COLOR 1.000000 1.000000 1.000000 1.000000
UV 1 0.000000 -3.000000
VERT 0
NORMAL -1.000000 0.000000 -0.025440
COLOR 1.000000 1.000000 1.000000 1.000000
UV 1 0.000000 -4.000000
VERT 7
NORMAL -1.000000 0.000000 -0.025440
COLOR 1.000000 1.000000 1.000000 1.000000
UV 1 1.000000 -3.000000

TRI 0 0 0 0
VERT 0
NORMAL -1.000000 0.000000 -0.025440
COLOR 1.000000 1.000000 1.000000 1.000000
UV 1 0.000000 -4.000000
VERT 2
NORMAL -1.000000 0.000000 -0.025440
COLOR 1.000000 1.000000 1.000000 1.000000
UV 1 1.000000 -4.000000
VERT 7
NORMAL -1.000000 0.000000 -0.025440
COLOR 1.000000 1.000000 1.000000 1.000000
UV 1 1.000000 -3.000000

TRI 0 0 0 0
VERT 2
NORMAL -0.025440 0.000000 1.000000
COLOR 1.000000 1.000000 1.000000 1.000000
UV 1 1.000000 0.000000
VERT 3
NORMAL -0.025440 0.000000 1.000000
COLOR 1.000000 1.000000 1.000000 1.000000
UV 1 1.000000 -1.000000
VERT 7
NORMAL -0.025440 0.000000 1.000000
COLOR 1.000000 1.000000 1.000000 1.000000
UV 1 2.000000 0.000000

TRI 0 0 0 0
VERT 3
NORMAL -0.025440 0.000000 1.000000
COLOR 1.000000 1.000000 1.000000 1.000000
UV 1 1.000000 -1.000000
VERT 5
NORMAL -0.025440 0.000000 1.000000
COLOR 1.000000 1.000000 1.000000 1.000000
UV 1 2.000000 -1.000000
VERT 7
NORMAL -0.025440 0.000000 1.000000
COLOR 1.000000 1.000000 1.000000 1.000000
UV 1 2.000000 0.000000

TRI 0 0 0 0
VERT 6
NORMAL 0.025440 0.000000 -1.000000
COLOR 1.000000 1.000000 1.000000 1.000000
UV 1 -1.000000 0.000000
VERT 4
NORMAL 0.025440 0.000000 -1.000000
COLOR 1.000000 1.000000 1.000000 1.000000
UV 1 -1.000000 -1.000000
VERT 0
NORMAL 0.025440 0.000000 -1.000000
COLOR 1.000000 1.000000 1.000000 1.000000
UV 1 0.000000 0.000000

TRI 0 0 0 0
VERT 4
NORMAL 0.025440 0.000000 -1.000000
COLOR 1.000000 1.000000 1.000000 1.000000
UV 1 -1.000000 -1.000000
VERT 1
NORMAL 0.025440 0.000000 -1.000000
COLOR 1.000000 1.000000 1.000000 1.000000
UV 1 0.000000 -1.000000
VERT 0
NORMAL 0.025440 0.000000 -1.000000
COLOR 1.000000 1.000000 1.000000 1.000000
UV 1 0.000000 0.000000

TRI 0 0 0 0
VERT 8
NORMAL -0.003914 -1.000000 0.009785
COLOR 1.000000 1.000000 1.000000 1.000000
UV 1 0.000000 0.000000
VERT 9
NORMAL -0.003914 -1.000000 0.009785
COLOR 1.000000 1.000000 1.000000 1.000000
UV 1 0.000000 -1.000000
VERT 10
NORMAL -0.003914 -1.000000 0.009785
COLOR 1.000000 1.000000 1.000000 1.000000
UV 1 1.000000 0.000000

TRI 0 0 0 0
VERT 9
NORMAL -0.003914 -1.000000 0.009785
COLOR 1.000000 1.000000 1.000000 1.000000
UV 1 0.000000 -1.000000
VERT 11
NORMAL -0.003914 -1.000000 0.009785
COLOR 1.000000 1.000000 1.000000 1.000000
UV 1 1.000000 -1.000000
VERT 10
NORMAL -0.003914 -1.000000 0.009785
COLOR 1.000000 1.000000 1.000000 1.000000
UV 1 1.000000 0.000000

TRI 0 0 0 0
VERT 9
NORMAL 1.000000 -0.003914 -0.033268
COLOR 1.000000 1.000000 1.000000 1.000000
UV 1 0.000000 -1.000000
VERT 12
NORMAL 1.000000 -0.003914 -0.033268
COLOR 1.000000 1.000000 1.000000 1.000000
UV 1 0.000000 -2.000000
VERT 11
NORMAL 1.000000 -0.003914 -0.033268
COLOR 1.000000 1.000000 1.000000 1.000000
UV 1 1.000000 -1.000000

TRI 0 0 0 0
VERT 12
NORMAL 1.000000 -0.003914 -0.033268
COLOR 1.000000 1.000000 1.000000 1.000000
UV 1 0.000000 -2.000000
VERT 13
NORMAL 1.000000 -0.003914 -0.033268
COLOR 1.000000 1.000000 1.000000 1.000000
UV 1 1.000000 -2.000000
VERT 11
NORMAL 1.000000 -0.003914 -0.033268
COLOR 1.000000 1.000000 1.000000 1.000000
UV 1 1.000000 -1.000000

TRI 0 0 0 0
VERT 12
NORMAL 0.003914 1.000000 -0.009785
COLOR 1.000000 1.000000 1.000000 1.000000
UV 1 0.000000 -2.000000
VERT 14
NORMAL 0.003914 1.000000 -0.009785
COLOR 1.000000 1.000000 1.000000 1.000000
UV 1 0.000000 -3.000000
VERT 13
NORMAL 0.003914 1.000000 -0.009785
COLOR 1.000000 1.000000 1.000000 1.000000
UV 1 1.000000 -2.000000

TRI 0 0 0 0
VERT 14
NORMAL 0.003914 1.000000 -0.009785
COLOR 1.000000 1.000000 1.000000 1.000000
UV 1 0.000000 -3.000000
VERT 15
NORMAL 0.003914 1.000000 -0.009785
COLOR 1.000000 1.000000 1.000000 1.000000
UV 1 1.000000 -3.000000
VERT 13
NORMAL 0.003914 1.000000 -0.009785
COLOR 1.000000 1.000000 1.000000 1.000000
UV 1 1.000000 -2.000000

TRI 0 0 0 0
VERT 14
NORMAL -1.000000 0.003914 0.033268
COLOR 1.000000 1.000000 1.000000 1.000000
UV 1 0.000000 -3.000000
VERT 8
NORMAL -1.000000 0.003914 0.033268
COLOR 1.000000 1.000000 1.000000 1.000000
UV 1 0.000000 -4.000000
VERT 15
NORMAL -1.000000 0.003914 0.033268
COLOR 1.000000 1.000000 1.000000 1.000000
UV 1 1.000000 -3.000000

TRI 0 0 0 0
VERT 8
NORMAL -1.000000 0.003914 0.033268
COLOR 1.000000 1.000000 1.000000 1.000000
UV 1 0.000000 -4.000000
VERT 10
NORMAL -1.000000 0.003914 0.033268
COLOR 1.000000 1.000000 1.000000 1.000000
UV 1 1.000000 -4.000000
VERT 15
NORMAL -1.000000 0.003914 0.033268
COLOR 1.000000 1.000000 1.000000 1.000000
UV 1 1.000000 -3.000000

TRI 0 0 0 0
VERT 10
NORMAL -0.033268 -0.009785 -1.000000
COLOR 1.000000 1.000000 1.000000 1.000000
UV 1 1.000000 0.000000
VERT 11
NORMAL -0.033268 -0.009785 -1.000000
COLOR 1.000000 1.000000 1.000000 1.000000
UV 1 1.000000 -1.000000
VERT 15
NORMAL -0.033268 -0.009785 -1.000000
COLOR 1.000000 1.000000 1.000000 1.000000
UV 1 2.000000 0.000000

TRI 0 0 0 0
VERT 11
NORMAL -0.033268 -0.009785 -1.000000
COLOR 1.000000 1.000000 1.000000 1.000000
UV 1 1.000000 -1.000000
VERT 13
NORMAL -0.033268 -0.009785 -1.000000
COLOR 1.000000 1.000000 1.000000 1.000000
UV 1 2.000000 -1.000000
VERT 15
NORMAL -0.033268 -0.009785 -1.000000
COLOR 1.000000 1.000000 1.000000 1.000000
UV 1 2.000000 0.000000

TRI 0 0 0 0
VERT 14
NORMAL 0.033268 0.009785 1.000000
COLOR 1.000000 1.000000 1.000000 1.000000
UV 1 -1.000000 0.000000
VERT 12
NORMAL 0.033268 0.009785 1.000000
COLOR 1.000000 1.000000 1.000000 1.000000
UV 1 -1.000000 -1.000000
VERT 8
NORMAL 0.033268 0.009785 1.000000
COLOR 1.000000 1.000000 1.000000 1.000000
UV 1 0.000000 0.000000

TRI 0 0 0 0
VERT 12
NORMAL 0.033268 0.009785 1.000000
COLOR 1.000000 1.000000 1.000000 1.000000
UV 1 -1.000000 -1.000000
VERT 9
NORMAL 0.033268 0.009785 1.000000
COLOR 1.000000 1.000000 1.000000 1.000000
UV 1 0.000000 -1.000000
VERT 8
NORMAL 0.033268 0.009785 1.000000
COLOR 1.000000 1.000000 1.000000 1.000000
UV 1 0.000000 0.000000

TRI 0 0 0 0
VERT 16
NORMAL 0.003914 -1.000000 -0.009785
COLOR 1.000000 1.000000 1.000000 1.000000
UV 1 0.000000 0.000000
VERT 17
NORMAL 0.003914 -1.000000 -0.009785
COLOR 1.000000 1.000000 1.000000 1.000000
UV 1 0.000000 -1.000000
VERT 18
NORMAL 0.003914 -1.000000 -0.009785
COLOR 1.000000 1.000000 1.000000 1.000000
UV 1 1.000000 0.000000

TRI 0 0 0 0
VERT 17
NORMAL 0.003914 -1.000000 -0.009785
COLOR 1.000000 1.000000 1.000000 1.000000
UV 1 0.000000 -1.000000
VERT 19
NORMAL 0.003914 -1.000000 -0.009785
COLOR 1.000000 1.000000 1.000000 1.000000
UV 1 1.000000 -1.000000
VERT 18
NORMAL 0.003914 -1.000000 -0.009785
COLOR 1.000000 1.000000 1.000000 1.000000
UV 1 1.000000 0.000000

TRI 0 0 0 0
VERT 17
NORMAL -1.000000 -0.003914 0.033268
COLOR 1.000000 1.000000 1.000000 1.000000
UV 1 0.000000 -1.000000
VERT 20
NORMAL -1.000000 -0.003914 0.033268
COLOR 1.000000 1.000000 1.000000 1.000000
UV 1 0.000000 -2.000000
VERT 19
NORMAL -1.000000 -0.003914 0.033268
COLOR 1.000000 1.000000 1.000000 1.000000
UV 1 1.000000 -1.000000

TRI 0 0 0 0
VERT 20
NORMAL -1.000000 -0.003914 0.033268
COLOR 1.000000 1.000000 1.000000 1.000000
UV 1 0.000000 -2.000000
VERT 21
NORMAL -1.000000 -0.003914 0.033268
COLOR 1.000000 1.000000 1.000000 1.000000
UV 1 1.000000 -2.000000
VERT 19
NORMAL -1.000000 -0.003914 0.033268
COLOR 1.000000 1.000000 1.000000 1.000000
UV 1 1.000000 -1.000000

TRI 0 0 0 0
VERT 20
NORMAL -0.003914 1.000000 0.009785
COLOR 1.000000 1.000000 1.000000 1.000000
UV 1 0.000000 -2.000000
VERT 22
NORMAL -0.003914 1.000000 0.009785
COLOR 1.000000 1.000000 1.000000 1.000000
UV 1 0.000000 -3.000000
VERT 21
NORMAL -0.003914 1.000000 0.009785
COLOR 1.000000 1.000000 1.000000 1.000000
UV 1 1.000000 -2.000000

TRI 0 0 0 0
VERT 22
NORMAL -0.003914 1.000000 0.009785
COLOR 1.000000 1.000000 1.000000 1.000000
UV 1 0.000000 -3.000000
VERT 23
NORMAL -0.003914 1.000000 0.009785
COLOR 1.000000 1.000000 1.000000 1.000000
UV 1 1.000000 -3.000000
VERT 21
NORMAL -0.003914 1.000000 0.009785
COLOR 1.000000 1.000000 1.000000 1.000000
UV 1 1.000000 -2.000000

TRI 0 0 0 0
VERT 22
NORMAL 1.000000 0.003914 -0.033268
COLOR 1.000000 1.000000 1.000000 1.000000
UV 1 0.000000 -3.000000
VERT 16
NORMAL 1.000000 0.003914 -0.033268
COLOR 1.000000 1.000000 1.000000 1.000000
UV 1 0.000000 -4.000000
VERT 23
NORMAL 1.000000 0.003914 -0.033268
COLOR 1.000000 1.000000 1.000000 1.000000
UV 1 1.000000 -3.000000

TRI 0 0 0 0
VERT 16
NORMAL 1.000000 0.003914 -0.033268
COLOR 1.000000 1.000000 1.000000 1.000000
UV 1 0.000000 -4.000000
VERT 18
NORMAL 1.000000 0.003914 -0.033268
COLOR 1.000000 1.000000 1.000000 1.000000
UV 1 1.000000 -4.000000
VERT 23
NORMAL 1.000000 0.003914 -0.033268
COLOR 1.000000 1.000000 1.000000 1.000000
UV 1 1.000000 -3.000000

TRI 0 0 0 0
VERT 18
NORMAL 0.033268 -0.009785 1.000000
COLOR 1.000000 1.000000 1.000000 1.000000
UV 1 1.000000 0.000000
VERT 19
NORMAL 0.033268 -0.009785 1.000000
COLOR 1.000000 1.000000 1.000000 1.000000
UV 1 1.000000 -1.000000
VERT 23
NORMAL 0.033268 -0.009785 1.000000
COLOR 1.000000 1.000000 1.000000 1.000000
UV 1 2.000000 0.000000

TRI 0 0 0 0
VERT 19
NORMAL 0.033268 -0.009785 1.000000
COLOR 1.000000 1.000000 1.000000 1.000000
UV 1 1.000000 -1.000000
VERT 21
NORMAL 0.033268 -0.009785 1.000000
COLOR 1.000000 1.000000 1.000000 1.000000
UV 1 2.000000 -1.000000
VERT 23
NORMAL 0.033268 -0.009785 1.000000
COLOR 1.000000 1.000000 1.000000 1.000000
UV 1 2.000000 0.000000

TRI 0 0 0 0
VERT 22
NORMAL -0.033268 0.009785 -1.000000
COLOR 1.000000 1.000000 1.000000 1.000000
UV 1 -1.000000 0.000000
VERT 20
NORMAL -0.033268 0.009785 -1.000000
COLOR 1.000000 1.000000 1.000000 1.000000
UV 1 -1.000000 -1.000000
VERT 16
NORMAL -0.033268 0.009785 -1.000000
COLOR 1.000000 1.000000 1.000000 1.000000
UV 1 0.000000 0.000000

TRI 0 0 0 0
VERT 20
NORMAL -0.033268 0.009785 -1.000000
COLOR 1.000000 1.000000 1.000000 1.000000
UV 1 -1.000000 -1.000000
VERT 17
NORMAL -0.033268 0.009785 -1.000000
COLOR 1.000000 1.000000 1.000000 1.000000
UV 1 0.000000 -1.000000
VERT 16
NORMAL -0.033268 0.009785 -1.000000
COLOR 1.000000 1.000000 1.000000 1.000000
UV 1 0.000000 0.000000

TRI 0 0 0 0
VERT 24
NORMAL 0.000000 1.000000 0.000000
COLOR 1.000000 1.000000 1.000000 1.000000
UV 1 0.000000 0.000000
VERT 25
NORMAL 0.000000 1.000000 0.000000
COLOR 1.000000 1.000000 1.000000 1.000000
UV 1 0.000000 -1.000000
VERT 26
NORMAL 0.000000 1.000000 0.000000
COLOR 1.000000 1.000000 1.000000 1.000000
UV 1 1.000000 0.000000

TRI 0 0 0 0
VERT 25
NORMAL 0.000000 1.000000 0.000000
COLOR 1.000000 1.000000 1.000000 1.000000
UV 1 0.000000 -1.000000
VERT 27
NORMAL 0.000000 1.000000 0.000000
COLOR 1.000000 1.000000 1.000000 1.000000
UV 1 1.000000 -1.000000
VERT 26
NORMAL 0.000000 1.000000 0.000000
COLOR 1.000000 1.000000 1.000000 1.000000
UV 1 1.000000 0.000000

TRI 0 0 0 0
VERT 25
